/Users/nakatani/git/pyLineage/Data/glc_rich/sample1
0.0
0.0
0.0
0.0
0.0
0.0
0.0
0.0
0.0
0.0
0.0
0.0
0.0
0.047619047619047616
0.6956521739130435
0.9583333333333334
0.0
0.40540540540540543
0.15384615384615385
0.0
0.95
0.7285714285714285
0.11627906976744186
0.0
0.956140350877193
0.7482517482517482
0.7076023391812866
0.9663461538461539
0.2627118644067797
/Users/nakatani/git/pyLineage/Data/glc_rich/sample2
1.0
1.0
0.875
0.0
0.0
0.0
0.0
0.045454545454545456
0.0
0.0
0.04
0.0
0.22388059701492538
0.0
0.024390243902439025
0.0
0.0
0.0
0.0
0.0
0.0
/Users/nakatani/git/pyLineage/Data/glc_rich/sample3
1.0
1.0
0.5
1.0
0.1
0.45454545454545453
0.125
0.85
0.15384615384615385
0.59375
0.0
0.0
0.05
0.9142857142857143
0.967741935483871
0.9545454545454546
0.8222222222222222
0.9757575757575757
/Users/nakatani/git/pyLineage/Data/glc_poor/sample1
0.0
0.0
0.0
0.0
0.0
0.2727272727272727
0.0
0.0
0.14285714285714285
0.04
0.42424242424242425
0.0
0.4897959183673469
0.01639344262295082
0.10810810810810811
0.5930232558139535
0.3263157894736842
0.07079646017699115
0.4074074074074074
0.4258064516129032
0.6407185628742516
0.7513513513513513
0.5048076923076923
0.15767634854771784
/Users/nakatani/git/pyLineage/Data/glc_poor/sample2
1.0
1.0
0.0
0.0
0.5
0.0
0.25
1.0
1.0
0.125
0.8888888888888888
0.2
0.18181818181818182
0.15
0.4
0.28
0.4411764705882353
0.85
0.9423076923076923
1.0
0.345679012345679
0.28846153846153844
0.3178294573643411
0.21739130434782608
/Users/nakatani/git/pyLineage/Data/glc_poor/sample3
1.0
1.0
0.5714285714285714
0.5555555555555556
0.5384615384615384
0.5
0.3181818181818182
0.18518518518518517
0.2702702702702703
0.22727272727272727
0.9607843137254902
0.3333333333333333
0.4533333333333333
0.9887640449438202
0.584
0.626984126984127
0.5755395683453237